>> untitled
pathXY
    2.1000         0
    2.1000    0.0119
    2.0998    0.0238
    2.0996    0.0357
    2.0993    0.0477
    2.0990    0.0596
    2.0985    0.0715
    2.0980    0.0834
    2.0973    0.0953
    2.0966    0.1072
    2.0958    0.1191
    2.0950    0.1310
    2.0940    0.1429
    2.0930    0.1547
    2.0919    0.1666
    2.0907    0.1785
    2.0894    0.1903
    2.0880    0.2022
    2.0866    0.2140
    2.0850    0.2259
    2.0834    0.2377
    2.0817    0.2495
    2.0799    0.2613
    2.0781    0.2731
    2.0761    0.2849
    2.0741    0.2967
    2.0720    0.3084
    2.0698    0.3202
    2.0675    0.3319
    2.0652    0.3437
    2.0627    0.3554
    2.0602    0.3671
    2.0576    0.3787
    2.0549    0.3904
    2.0522    0.4021
    2.0493    0.4137
    2.0464    0.4253
    2.0434    0.4369
    2.0403    0.4485
    2.0371    0.4601
    2.0339    0.4716
    2.0306    0.4832
    2.0272    0.4947
    2.0237    0.5062
    2.0201    0.5176
    2.0165    0.5291
    2.0127    0.5405
    2.0089    0.5519
    2.0050    0.5633
    2.0011    0.5747
    1.9970    0.5860
    1.9929    0.5974
    1.9887    0.6087
    1.9844    0.6199
    1.9800    0.6312
    1.9756    0.6424
    1.9711    0.6536
    1.9665    0.6648
    1.9618    0.6759
    1.9571    0.6870
    1.9522    0.6981
    1.9473    0.7092
    1.9424    0.7202
    1.9373    0.7312
    1.9322    0.7422
    1.9269    0.7532
    1.9217    0.7641
    1.9163    0.7750
    1.9109    0.7858
    1.9053    0.7966
    1.8997    0.8074
    1.8941    0.8182
    1.8883    0.8289
    1.8825    0.8396
    1.8766    0.8503
    1.8707    0.8609
    1.8646    0.8715
    1.8585    0.8821
    1.8523    0.8926
    1.8461    0.9031
    1.8397    0.9136
    1.8333    0.9240
    1.8269    0.9344
    1.8203    0.9447
    1.8137    0.9550
    1.8070    0.9653
    1.8002    0.9755
    1.7934    0.9857
    1.7865    0.9959
    1.7795    1.0060
    1.7725    1.0161
    1.7653    1.0261
    1.7581    1.0361
    1.7509    1.0461
    1.7436    1.0560
    1.7362    1.0659
    1.7287    1.0757
    1.7212    1.0855
    1.7136    1.0952
    1.7059    1.1049
    1.6982    1.1146
    1.6904    1.1242
    1.6825    1.1338
    1.6745    1.1433
    1.6665    1.1528
    1.6585    1.1622
    1.6503    1.1716
    1.6421    1.1809
    1.6339    1.1902
    1.6255    1.1995
    1.6172    1.2087
    1.6087    1.2178
    1.6002    1.2269
    1.5916    1.2360
    1.5829    1.2450
    1.5742    1.2540
    1.5655    1.2629
    1.5566    1.2717
    1.5477    1.2805
    1.5388    1.2893
    1.5297    1.2980
    1.5207    1.3067
    1.5115    1.3153
    1.5023    1.3238
    1.4931    1.3323
    1.4838    1.3408
    1.4744    1.3491
    1.4649    1.3575
    1.4555    1.3658
    1.4459    1.3740
    1.4363    1.3822
    1.4266    1.3903
    1.4169    1.3984
    1.4071    1.4064
    1.3973    1.4143
    1.3874    1.4222
    1.3775    1.4301
    1.3675    1.4379
    1.3574    1.4456
    1.3473    1.4533
    1.3372    1.4609
    1.3270    1.4685
    1.3167    1.4760
    1.3064    1.4834
    1.2960    1.4908
    1.2856    1.4981
    1.2751    1.5054
    1.2646    1.5126
    1.2540    1.5197
    1.2434    1.5268
    1.2327    1.5338
    1.2220    1.5408
    1.2113    1.5477
    1.2004    1.5545
    1.1896    1.5613
    1.1787    1.5680
    1.1677    1.5747
    1.1567    1.5813
    1.1457    1.5878
    1.1346    1.5943
    1.1235    1.6007
    1.1123    1.6070
    1.1010    1.6133
    1.0898    1.6195
    1.0785    1.6257
    1.0671    1.6318
    1.0557    1.6378
    1.0443    1.6438
    1.0328    1.6497
    1.0213    1.6555
    1.0097    1.6612
    0.9981    1.6669
    0.9865    1.6726
    0.9748    1.6781
    0.9631    1.6836
    0.9513    1.6891
    0.9395    1.6944
    0.9277    1.6997
    0.9158    1.7050
    0.9039    1.7101
    0.8920    1.7152
    0.8800    1.7202
    0.8680    1.7252
    0.8560    1.7301
    0.8439    1.7349
    0.8318    1.7397
    0.8196    1.7444
    0.8074    1.7490
    0.7952    1.7535
    0.7830    1.7580
    0.7707    1.7624
    0.7584    1.7667
    0.7461    1.7710
    0.7337    1.7752
    0.7213    1.7793
    0.7089    1.7834
    0.6965    1.7874
    0.6840    1.7913
    0.6715    1.7951
    0.6590    1.7989
    0.6464    1.8026
    0.6338    1.8063
    0.6212    1.8098
    0.6086    1.8133
    0.5960    1.8167
    0.5833    1.8201
    0.5706    1.8233
    0.5579    1.8265
    0.5451    1.8297
    0.5323    1.8327
    0.5196    1.8357
    0.5068    1.8386
    0.4939    1.8415
    0.4811    1.8442
    0.4682    1.8469
    0.4553    1.8495
    0.4424    1.8521
    0.4295    1.8546
    0.4166    1.8570
    0.4036    1.8593
    0.3906    1.8616
    0.3777    1.8637
    0.3647    1.8658
    0.3516    1.8679
    0.3386    1.8698
    0.3256    1.8717
    0.3125    1.8735
    0.2995    1.8753
    0.2864    1.8769
    0.2733    1.8785
    0.2602    1.8800
    0.2471    1.8815
    0.2340    1.8828
    0.2208    1.8841
    0.2077    1.8853
    0.1945    1.8865
    0.1814    1.8875
    0.1682    1.8885
    0.1551    1.8894
    0.1419    1.8903
    0.1287    1.8911
    0.1155    1.8918
    0.1023    1.8924
    0.0891    1.8929
    0.0759    1.8934
    0.0627    1.8938
    0.0495    1.8941
    0.0363    1.8943
    0.0231    1.8945
    0.0099    1.8946
   -0.0033    1.8946
   -0.0165    1.8946
   -0.0297    1.8944
   -0.0429    1.8942
   -0.0561    1.8939
   -0.0693    1.8936
   -0.0825    1.8932
   -0.0957    1.8927
   -0.1089    1.8921
   -0.1221    1.8914
   -0.1353    1.8907
   -0.1485    1.8899
   -0.1616    1.8890
   -0.1748    1.8880
   -0.1880    1.8870
   -0.2011    1.8859
   -0.2143    1.8847
   -0.2274    1.8835
   -0.2405    1.8822
   -0.2536    1.8808
   -0.2667    1.8793
   -0.2798    1.8777
   -0.2929    1.8761
   -0.3060    1.8744
   -0.3191    1.8726
   -0.3321    1.8708
   -0.3451    1.8689
   -0.3582    1.8669
   -0.3712    1.8648
   -0.3842    1.8626
   -0.3971    1.8604
   -0.4101    1.8581
   -0.4230    1.8558
   -0.4360    1.8533
   -0.4489    1.8508
   -0.4618    1.8482
   -0.4746    1.8456
   -0.4875    1.8429
   -0.5003    1.8401
   -0.5132    1.8372
   -0.5260    1.8342
   -0.5387    1.8312
   -0.5515    1.8281
   -0.5642    1.8250
   -0.5769    1.8217
   -0.5896    1.8184
   -0.6023    1.8150
   -0.6149    1.8116
   -0.6275    1.8080
   -0.6401    1.8045
   -0.6527    1.8008
   -0.6652    1.7970
   -0.6778    1.7932
   -0.6902    1.7894
   -0.7027    1.7854
   -0.7151    1.7814
   -0.7275    1.7773
   -0.7399    1.7731
   -0.7523    1.7689
   -0.7646    1.7646
   -0.7769    1.7602
   -0.7891    1.7558
   -0.8013    1.7513
   -0.8135    1.7467
   -0.8257    1.7420
   -0.8378    1.7373
   -0.8499    1.7325
   -0.8620    1.7277
   -0.8740    1.7227
   -0.8860    1.7177
   -0.8980    1.7127
   -0.9099    1.7075
   -0.9218    1.7024
   -0.9336    1.6971
   -0.9454    1.6918
   -0.9572    1.6864
   -0.9689    1.6809
   -0.9806    1.6754
   -0.9923    1.6698
   -1.0039    1.6641
   -1.0155    1.6584
   -1.0270    1.6526
   -1.0385    1.6467
   -1.0500    1.6408
   -1.0614    1.6348
   -1.0728    1.6287
   -1.0841    1.6226
   -1.0954    1.6164
   -1.1067    1.6102
   -1.1179    1.6039
   -1.1290    1.5975
   -1.1401    1.5911
   -1.1512    1.5846
   -1.1622    1.5780
   -1.1732    1.5714
   -1.1841    1.5647
   -1.1950    1.5579
   -1.2059    1.5511
   -1.2167    1.5443
   -1.2274    1.5373
   -1.2381    1.5303
   -1.2487    1.5233
   -1.2593    1.5162
   -1.2699    1.5090
   -1.2804    1.5017
   -1.2908    1.4944
   -1.3012    1.4871
   -1.3115    1.4797
   -1.3218    1.4722
   -1.3321    1.4647
   -1.3423    1.4571
   -1.3524    1.4494
   -1.3625    1.4417
   -1.3725    1.4340
   -1.3825    1.4262
   -1.3924    1.4183
   -1.4022    1.4104
   -1.4120    1.4024
   -1.4218    1.3943
   -1.4315    1.3862
   -1.4411    1.3781
   -1.4507    1.3699
   -1.4602    1.3616
   -1.4697    1.3533
   -1.4791    1.3450
   -1.4884    1.3365
   -1.4977    1.3281
   -1.5069    1.3195
   -1.5161    1.3110
   -1.5252    1.3023
   -1.5343    1.2937
   -1.5433    1.2849
   -1.5522    1.2761
   -1.5610    1.2673
   -1.5698    1.2584
   -1.5786    1.2495
   -1.5873    1.2405
   -1.5959    1.2315
   -1.6044    1.2224
   -1.6129    1.2133
   -1.6214    1.2041
   -1.6297    1.1949
   -1.6380    1.1856
   -1.6462    1.1763
   -1.6544    1.1669
   -1.6625    1.1575
   -1.6706    1.1480
   -1.6785    1.1385
   -1.6864    1.1290
   -1.6943    1.1194
   -1.7020    1.1098
   -1.7097    1.1001
   -1.7174    1.0904
   -1.7249    1.0806
   -1.7324    1.0708
   -1.7399    1.0609
   -1.7472    1.0510
   -1.7545    1.0411
   -1.7617    1.0311
   -1.7689    1.0211
   -1.7760    1.0111
   -1.7830    1.0010
   -1.7899    0.9908
   -1.7968    0.9806
   -1.8036    0.9704
   -1.8103    0.9602
   -1.8170    0.9499
   -1.8236    0.9396
   -1.8301    0.9292
   -1.8365    0.9188
   -1.8429    0.9084
   -1.8492    0.8979
   -1.8554    0.8874
   -1.8616    0.8768
   -1.8677    0.8662
   -1.8737    0.8556
   -1.8796    0.8450
   -1.8854    0.8343
   -1.8912    0.8236
   -1.8969    0.8128
   -1.9025    0.8021
   -1.9081    0.7912
   -1.9136    0.7804
   -1.9190    0.7695
   -1.9243    0.7586
   -1.9296    0.7477
   -1.9347    0.7367
   -1.9398    0.7257
   -1.9449    0.7147
   -1.9498    0.7037
   -1.9547    0.6926
   -1.9595    0.6815
   -1.9642    0.6703
   -1.9688    0.6592
   -1.9734    0.6480
   -1.9778    0.6368
   -1.9822    0.6256
   -1.9866    0.6143
   -1.9908    0.6030
   -1.9950    0.5917
   -1.9990    0.5804
   -2.0031    0.5690
   -2.0070    0.5576
   -2.0108    0.5462
   -2.0146    0.5348
   -2.0183    0.5234
   -2.0219    0.5119
   -2.0254    0.5004
   -2.0289    0.4889
   -2.0322    0.4774
   -2.0355    0.4659
   -2.0387    0.4543
   -2.0419    0.4427
   -2.0449    0.4311
   -2.0479    0.4195
   -2.0508    0.4079
   -2.0536    0.3962
   -2.0563    0.3846
   -2.0589    0.3729
   -2.0615    0.3612
   -2.0640    0.3495
   -2.0664    0.3378
   -2.0687    0.3261
   -2.0709    0.3143
   -2.0730    0.3026
   -2.0751    0.2908
   -2.0771    0.2790
   -2.0790    0.2672
   -2.0808    0.2554
   -2.0826    0.2436
   -2.0842    0.2318
   -2.0858    0.2200
   -2.0873    0.2081
   -2.0887    0.1963
   -2.0900    0.1844
   -2.0913    0.1725
   -2.0924    0.1607
   -2.0935    0.1488
   -2.0945    0.1369
   -2.0954    0.1250
   -2.0963    0.1131
   -2.0970    0.1012
   -2.0977    0.0893
   -2.0982    0.0774
   -2.0987    0.0655
   -2.0992    0.0536
   -2.0995    0.0417
   -2.0997    0.0298
   -2.0999    0.0179
   -2.1000    0.0060
   -2.1000   -0.0060
   -2.0999   -0.0179
   -2.0997   -0.0298
   -2.0995   -0.0417
   -2.0992   -0.0536
   -2.0987   -0.0655
   -2.0982   -0.0774
   -2.0977   -0.0893
   -2.0970   -0.1012
   -2.0963   -0.1131
   -2.0954   -0.1250
   -2.0945   -0.1369
   -2.0935   -0.1488
   -2.0924   -0.1607
   -2.0913   -0.1725
   -2.0900   -0.1844
   -2.0887   -0.1963
   -2.0873   -0.2081
   -2.0858   -0.2200
   -2.0842   -0.2318
   -2.0826   -0.2436
   -2.0808   -0.2554
   -2.0790   -0.2672
   -2.0771   -0.2790
   -2.0751   -0.2908
   -2.0730   -0.3026
   -2.0709   -0.3143
   -2.0687   -0.3261
   -2.0664   -0.3378
   -2.0640   -0.3495
   -2.0615   -0.3612
   -2.0589   -0.3729
   -2.0563   -0.3846
   -2.0536   -0.3962
   -2.0508   -0.4079
   -2.0479   -0.4195
   -2.0449   -0.4311
   -2.0419   -0.4427
   -2.0387   -0.4543
   -2.0355   -0.4659
   -2.0322   -0.4774
   -2.0289   -0.4889
   -2.0254   -0.5004
   -2.0219   -0.5119
   -2.0183   -0.5234
   -2.0146   -0.5348
   -2.0108   -0.5462
   -2.0070   -0.5576
   -2.0031   -0.5690
   -1.9990   -0.5804
   -1.9950   -0.5917
   -1.9908   -0.6030
   -1.9866   -0.6143
   -1.9822   -0.6256
   -1.9778   -0.6368
   -1.9734   -0.6480
   -1.9688   -0.6592
   -1.9642   -0.6703
   -1.9595   -0.6815
   -1.9547   -0.6926
   -1.9498   -0.7037
   -1.9449   -0.7147
   -1.9398   -0.7257
   -1.9347   -0.7367
   -1.9296   -0.7477
   -1.9243   -0.7586
   -1.9190   -0.7695
   -1.9136   -0.7804
   -1.9081   -0.7912
   -1.9025   -0.8021
   -1.8969   -0.8128
   -1.8912   -0.8236
   -1.8854   -0.8343
   -1.8796   -0.8450
   -1.8737   -0.8556
   -1.8677   -0.8662
   -1.8616   -0.8768
   -1.8554   -0.8874
   -1.8492   -0.8979
   -1.8429   -0.9084
   -1.8365   -0.9188
   -1.8301   -0.9292
   -1.8236   -0.9396
   -1.8170   -0.9499
   -1.8103   -0.9602
   -1.8036   -0.9704
   -1.7968   -0.9806
   -1.7899   -0.9908
   -1.7830   -1.0010
   -1.7760   -1.0111
   -1.7689   -1.0211
   -1.7617   -1.0311
   -1.7545   -1.0411
   -1.7472   -1.0510
   -1.7399   -1.0609
   -1.7324   -1.0708
   -1.7249   -1.0806
   -1.7174   -1.0904
   -1.7097   -1.1001
   -1.7020   -1.1098
   -1.6943   -1.1194
   -1.6864   -1.1290
   -1.6785   -1.1385
   -1.6706   -1.1480
   -1.6625   -1.1575
   -1.6544   -1.1669
   -1.6462   -1.1763
   -1.6380   -1.1856
   -1.6297   -1.1949
   -1.6214   -1.2041
   -1.6129   -1.2133
   -1.6044   -1.2224
   -1.5959   -1.2315
   -1.5873   -1.2405
   -1.5786   -1.2495
   -1.5698   -1.2584
   -1.5610   -1.2673
   -1.5522   -1.2761
   -1.5433   -1.2849
   -1.5343   -1.2937
   -1.5252   -1.3023
   -1.5161   -1.3110
   -1.5069   -1.3195
   -1.4977   -1.3281
   -1.4884   -1.3365
   -1.4791   -1.3450
   -1.4697   -1.3533
   -1.4602   -1.3616
   -1.4507   -1.3699
   -1.4411   -1.3781
   -1.4315   -1.3862
   -1.4218   -1.3943
   -1.4120   -1.4024
   -1.4022   -1.4104
   -1.3924   -1.4183
   -1.3825   -1.4262
   -1.3725   -1.4340
   -1.3625   -1.4417
   -1.3524   -1.4494
   -1.3423   -1.4571
   -1.3321   -1.4647
   -1.3218   -1.4722
   -1.3115   -1.4797
   -1.3012   -1.4871
   -1.2908   -1.4944
   -1.2804   -1.5017
   -1.2699   -1.5090
   -1.2593   -1.5162
   -1.2487   -1.5233
   -1.2381   -1.5303
   -1.2274   -1.5373
   -1.2167   -1.5443
   -1.2059   -1.5511
   -1.1950   -1.5579
   -1.1841   -1.5647
   -1.1732   -1.5714
   -1.1622   -1.5780
   -1.1512   -1.5846
   -1.1401   -1.5911
   -1.1290   -1.5975
   -1.1179   -1.6039
   -1.1067   -1.6102
   -1.0954   -1.6164
   -1.0841   -1.6226
   -1.0728   -1.6287
   -1.0614   -1.6348
   -1.0500   -1.6408
   -1.0385   -1.6467
   -1.0270   -1.6526
   -1.0155   -1.6584
   -1.0039   -1.6641
   -0.9923   -1.6698
   -0.9806   -1.6754
   -0.9689   -1.6809
   -0.9572   -1.6864
   -0.9454   -1.6918
   -0.9336   -1.6971
   -0.9218   -1.7024
   -0.9099   -1.7075
   -0.8980   -1.7127
   -0.8860   -1.7177
   -0.8740   -1.7227
   -0.8620   -1.7277
   -0.8499   -1.7325
   -0.8378   -1.7373
   -0.8257   -1.7420
   -0.8135   -1.7467
   -0.8013   -1.7513
   -0.7891   -1.7558
   -0.7769   -1.7602
   -0.7646   -1.7646
   -0.7523   -1.7689
   -0.7399   -1.7731
   -0.7275   -1.7773
   -0.7151   -1.7814
   -0.7027   -1.7854
   -0.6902   -1.7894
   -0.6778   -1.7932
   -0.6652   -1.7970
   -0.6527   -1.8008
   -0.6401   -1.8045
   -0.6275   -1.8080
   -0.6149   -1.8116
   -0.6023   -1.8150
   -0.5896   -1.8184
   -0.5769   -1.8217
   -0.5642   -1.8250
   -0.5515   -1.8281
   -0.5387   -1.8312
   -0.5260   -1.8342
   -0.5132   -1.8372
   -0.5003   -1.8401
   -0.4875   -1.8429
   -0.4746   -1.8456
   -0.4618   -1.8482
   -0.4489   -1.8508
   -0.4360   -1.8533
   -0.4230   -1.8558
   -0.4101   -1.8581
   -0.3971   -1.8604
   -0.3842   -1.8626
   -0.3712   -1.8648
   -0.3582   -1.8669
   -0.3451   -1.8689
   -0.3321   -1.8708
   -0.3191   -1.8726
   -0.3060   -1.8744
   -0.2929   -1.8761
   -0.2798   -1.8777
   -0.2667   -1.8793
   -0.2536   -1.8808
   -0.2405   -1.8822
   -0.2274   -1.8835
   -0.2143   -1.8847
   -0.2011   -1.8859
   -0.1880   -1.8870
   -0.1748   -1.8880
   -0.1616   -1.8890
   -0.1485   -1.8899
   -0.1353   -1.8907
   -0.1221   -1.8914
   -0.1089   -1.8921
   -0.0957   -1.8927
   -0.0825   -1.8932
   -0.0693   -1.8936
   -0.0561   -1.8939
   -0.0429   -1.8942
   -0.0297   -1.8944
   -0.0165   -1.8946
   -0.0033   -1.8946
    0.0099   -1.8946
    0.0231   -1.8945
    0.0363   -1.8943
    0.0495   -1.8941
    0.0627   -1.8938
    0.0759   -1.8934
    0.0891   -1.8929
    0.1023   -1.8924
    0.1155   -1.8918
    0.1287   -1.8911
    0.1419   -1.8903
    0.1551   -1.8894
    0.1682   -1.8885
    0.1814   -1.8875
    0.1945   -1.8865
    0.2077   -1.8853
    0.2208   -1.8841
    0.2340   -1.8828
    0.2471   -1.8815
    0.2602   -1.8800
    0.2733   -1.8785
    0.2864   -1.8769
    0.2995   -1.8753
    0.3125   -1.8735
    0.3256   -1.8717
    0.3386   -1.8698
    0.3516   -1.8679
    0.3647   -1.8658
    0.3777   -1.8637
    0.3906   -1.8616
    0.4036   -1.8593
    0.4166   -1.8570
    0.4295   -1.8546
    0.4424   -1.8521
    0.4553   -1.8495
    0.4682   -1.8469
    0.4811   -1.8442
    0.4939   -1.8415
    0.5068   -1.8386
    0.5196   -1.8357
    0.5323   -1.8327
    0.5451   -1.8297
    0.5579   -1.8265
    0.5706   -1.8233
    0.5833   -1.8201
    0.5960   -1.8167
    0.6086   -1.8133
    0.6212   -1.8098
    0.6338   -1.8063
    0.6464   -1.8026
    0.6590   -1.7989
    0.6715   -1.7951
    0.6840   -1.7913
    0.6965   -1.7874
    0.7089   -1.7834
    0.7213   -1.7793
    0.7337   -1.7752
    0.7461   -1.7710
    0.7584   -1.7667
    0.7707   -1.7624
    0.7830   -1.7580
    0.7952   -1.7535
    0.8074   -1.7490
    0.8196   -1.7444
    0.8318   -1.7397
    0.8439   -1.7349
    0.8560   -1.7301
    0.8680   -1.7252
    0.8800   -1.7202
    0.8920   -1.7152
    0.9039   -1.7101
    0.9158   -1.7050
    0.9277   -1.6997
    0.9395   -1.6944
    0.9513   -1.6891
    0.9631   -1.6836
    0.9748   -1.6781
    0.9865   -1.6726
    0.9981   -1.6669
    1.0097   -1.6612
    1.0213   -1.6555
    1.0328   -1.6497
    1.0443   -1.6438
    1.0557   -1.6378
    1.0671   -1.6318
    1.0785   -1.6257
    1.0898   -1.6195
    1.1010   -1.6133
    1.1123   -1.6070
    1.1235   -1.6007
    1.1346   -1.5943
    1.1457   -1.5878
    1.1567   -1.5813
    1.1677   -1.5747
    1.1787   -1.5680
    1.1896   -1.5613
    1.2004   -1.5545
    1.2113   -1.5477
    1.2220   -1.5408
    1.2327   -1.5338
    1.2434   -1.5268
    1.2540   -1.5197
    1.2646   -1.5126
    1.2751   -1.5054
    1.2856   -1.4981
    1.2960   -1.4908
    1.3064   -1.4834
    1.3167   -1.4760
    1.3270   -1.4685
    1.3372   -1.4609
    1.3473   -1.4533
    1.3574   -1.4456
    1.3675   -1.4379
    1.3775   -1.4301
    1.3874   -1.4222
    1.3973   -1.4143
    1.4071   -1.4064
    1.4169   -1.3984
    1.4266   -1.3903
    1.4363   -1.3822
    1.4459   -1.3740
    1.4555   -1.3658
    1.4649   -1.3575
    1.4744   -1.3491
    1.4838   -1.3408
    1.4931   -1.3323
    1.5023   -1.3238
    1.5115   -1.3153
    1.5207   -1.3067
    1.5297   -1.2980
    1.5388   -1.2893
    1.5477   -1.2805
    1.5566   -1.2717
    1.5655   -1.2629
    1.5742   -1.2540
    1.5829   -1.2450
    1.5916   -1.2360
    1.6002   -1.2269
    1.6087   -1.2178
    1.6172   -1.2087
    1.6255   -1.1995
    1.6339   -1.1902
    1.6421   -1.1809
    1.6503   -1.1716
    1.6585   -1.1622
    1.6665   -1.1528
    1.6745   -1.1433
    1.6825   -1.1338
    1.6904   -1.1242
    1.6982   -1.1146
    1.7059   -1.1049
    1.7136   -1.0952
    1.7212   -1.0855
    1.7287   -1.0757
    1.7362   -1.0659
    1.7436   -1.0560
    1.7509   -1.0461
    1.7581   -1.0361
    1.7653   -1.0261
    1.7725   -1.0161
    1.7795   -1.0060
    1.7865   -0.9959
    1.7934   -0.9857
    1.8002   -0.9755
    1.8070   -0.9653
    1.8137   -0.9550
    1.8203   -0.9447
    1.8269   -0.9344
    1.8333   -0.9240
    1.8397   -0.9136
    1.8461   -0.9031
    1.8523   -0.8926
    1.8585   -0.8821
    1.8646   -0.8715
    1.8707   -0.8609
    1.8766   -0.8503
    1.8825   -0.8396
    1.8883   -0.8289
    1.8941   -0.8182
    1.8997   -0.8074
    1.9053   -0.7966
    1.9109   -0.7858
    1.9163   -0.7750
    1.9217   -0.7641
    1.9269   -0.7532
    1.9322   -0.7422
    1.9373   -0.7312
    1.9424   -0.7202
    1.9473   -0.7092
    1.9522   -0.6981
    1.9571   -0.6870
    1.9618   -0.6759
    1.9665   -0.6648
    1.9711   -0.6536
    1.9756   -0.6424
    1.9800   -0.6312
    1.9844   -0.6199
    1.9887   -0.6087
    1.9929   -0.5974
    1.9970   -0.5860
    2.0011   -0.5747
    2.0050   -0.5633
    2.0089   -0.5519
    2.0127   -0.5405
    2.0165   -0.5291
    2.0201   -0.5176
    2.0237   -0.5062
    2.0272   -0.4947
    2.0306   -0.4832
    2.0339   -0.4716
    2.0371   -0.4601
    2.0403   -0.4485
    2.0434   -0.4369
    2.0464   -0.4253
    2.0493   -0.4137
    2.0522   -0.4021
    2.0549   -0.3904
    2.0576   -0.3787
    2.0602   -0.3671
    2.0627   -0.3554
    2.0652   -0.3437
    2.0675   -0.3319
    2.0698   -0.3202
    2.0720   -0.3084
    2.0741   -0.2967
    2.0761   -0.2849
    2.0781   -0.2731
    2.0799   -0.2613
    2.0817   -0.2495
    2.0834   -0.2377
    2.0850   -0.2259
    2.0866   -0.2140
    2.0880   -0.2022
    2.0894   -0.1903
    2.0907   -0.1785
    2.0919   -0.1666
    2.0930   -0.1547
    2.0940   -0.1429
    2.0950   -0.1310
    2.0958   -0.1191
    2.0966   -0.1072
    2.0973   -0.0953
    2.0980   -0.0834
    2.0985   -0.0715
    2.0990   -0.0596
    2.0993   -0.0477
    2.0996   -0.0357
    2.0998   -0.0238
    2.1000   -0.0119
    2.1000   -0.0000

diff(pathXY,1,1)
   -0.0000    0.0119
   -0.0001    0.0119
   -0.0002    0.0119
   -0.0003    0.0119
   -0.0004    0.0119
   -0.0005    0.0119
   -0.0005    0.0119
   -0.0006    0.0119
   -0.0007    0.0119
   -0.0008    0.0119
   -0.0009    0.0119
   -0.0010    0.0119
   -0.0010    0.0119
   -0.0011    0.0119
   -0.0012    0.0119
   -0.0013    0.0119
   -0.0014    0.0119
   -0.0015    0.0118
   -0.0015    0.0118
   -0.0016    0.0118
   -0.0017    0.0118
   -0.0018    0.0118
   -0.0019    0.0118
   -0.0019    0.0118
   -0.0020    0.0118
   -0.0021    0.0118
   -0.0022    0.0118
   -0.0023    0.0117
   -0.0024    0.0117
   -0.0024    0.0117
   -0.0025    0.0117
   -0.0026    0.0117
   -0.0027    0.0117
   -0.0028    0.0117
   -0.0028    0.0116
   -0.0029    0.0116
   -0.0030    0.0116
   -0.0031    0.0116
   -0.0032    0.0116
   -0.0032    0.0116
   -0.0033    0.0115
   -0.0034    0.0115
   -0.0035    0.0115
   -0.0036    0.0115
   -0.0036    0.0115
   -0.0037    0.0114
   -0.0038    0.0114
   -0.0039    0.0114
   -0.0040    0.0114
   -0.0040    0.0113
   -0.0041    0.0113
   -0.0042    0.0113
   -0.0043    0.0113
   -0.0044    0.0112
   -0.0044    0.0112
   -0.0045    0.0112
   -0.0046    0.0112
   -0.0047    0.0111
   -0.0048    0.0111
   -0.0048    0.0111
   -0.0049    0.0111
   -0.0050    0.0110
   -0.0051    0.0110
   -0.0051    0.0110
   -0.0052    0.0109
   -0.0053    0.0109
   -0.0054    0.0109
   -0.0054    0.0109
   -0.0055    0.0108
   -0.0056    0.0108
   -0.0057    0.0108
   -0.0057    0.0107
   -0.0058    0.0107
   -0.0059    0.0107
   -0.0060    0.0106
   -0.0060    0.0106
   -0.0061    0.0106
   -0.0062    0.0105
   -0.0063    0.0105
   -0.0063    0.0105
   -0.0064    0.0104
   -0.0065    0.0104
   -0.0065    0.0103
   -0.0066    0.0103
   -0.0067    0.0103
   -0.0068    0.0102
   -0.0068    0.0102
   -0.0069    0.0102
   -0.0070    0.0101
   -0.0070    0.0101
   -0.0071    0.0100
   -0.0072    0.0100
   -0.0073    0.0100
   -0.0073    0.0099
   -0.0074    0.0099
   -0.0075    0.0098
   -0.0075    0.0098
   -0.0076    0.0097
   -0.0077    0.0097
   -0.0077    0.0097
   -0.0078    0.0096
   -0.0079    0.0096
   -0.0079    0.0095
   -0.0080    0.0095
   -0.0081    0.0094
   -0.0081    0.0094
   -0.0082    0.0093
   -0.0083    0.0093
   -0.0083    0.0092
   -0.0084    0.0092
   -0.0085    0.0092
   -0.0085    0.0091
   -0.0086    0.0091
   -0.0086    0.0090
   -0.0087    0.0090
   -0.0088    0.0089
   -0.0088    0.0089
   -0.0089    0.0088
   -0.0090    0.0088
   -0.0090    0.0087
   -0.0091    0.0087
   -0.0091    0.0086
   -0.0092    0.0086
   -0.0093    0.0085
   -0.0093    0.0084
   -0.0094    0.0084
   -0.0094    0.0083
   -0.0095    0.0083
   -0.0095    0.0082
   -0.0096    0.0082
   -0.0097    0.0081
   -0.0097    0.0081
   -0.0098    0.0080
   -0.0098    0.0080
   -0.0099    0.0079
   -0.0099    0.0078
   -0.0100    0.0078
   -0.0101    0.0077
   -0.0101    0.0077
   -0.0102    0.0076
   -0.0102    0.0076
   -0.0103    0.0075
   -0.0103    0.0074
   -0.0104    0.0074
   -0.0104    0.0073
   -0.0105    0.0073
   -0.0105    0.0072
   -0.0106    0.0071
   -0.0106    0.0071
   -0.0107    0.0070
   -0.0107    0.0070
   -0.0108    0.0069
   -0.0108    0.0068
   -0.0109    0.0068
   -0.0109    0.0067
   -0.0110    0.0067
   -0.0110    0.0066
   -0.0110    0.0065
   -0.0111    0.0065
   -0.0111    0.0064
   -0.0112    0.0063
   -0.0112    0.0063
   -0.0113    0.0062
   -0.0113    0.0062
   -0.0114    0.0061
   -0.0114    0.0060
   -0.0114    0.0060
   -0.0115    0.0059
   -0.0115    0.0058
   -0.0116    0.0058
   -0.0116    0.0057
   -0.0116    0.0056
   -0.0117    0.0056
   -0.0117    0.0055
   -0.0118    0.0054
   -0.0118    0.0054
   -0.0118    0.0053
   -0.0119    0.0052
   -0.0119    0.0052
   -0.0119    0.0051
   -0.0120    0.0050
   -0.0120    0.0050
   -0.0120    0.0049
   -0.0121    0.0048
   -0.0121    0.0048
   -0.0121    0.0047
   -0.0122    0.0046
   -0.0122    0.0045
   -0.0122    0.0045
   -0.0123    0.0044
   -0.0123    0.0043
   -0.0123    0.0043
   -0.0124    0.0042
   -0.0124    0.0041
   -0.0124    0.0041
   -0.0124    0.0040
   -0.0125    0.0039
   -0.0125    0.0038
   -0.0125    0.0038
   -0.0126    0.0037
   -0.0126    0.0036
   -0.0126    0.0036
   -0.0126    0.0035
   -0.0127    0.0034
   -0.0127    0.0033
   -0.0127    0.0033
   -0.0127    0.0032
   -0.0127    0.0031
   -0.0128    0.0031
   -0.0128    0.0030
   -0.0128    0.0029
   -0.0128    0.0028
   -0.0128    0.0028
   -0.0129    0.0027
   -0.0129    0.0026
   -0.0129    0.0025
   -0.0129    0.0025
   -0.0129    0.0024
   -0.0130    0.0023
   -0.0130    0.0023
   -0.0130    0.0022
   -0.0130    0.0021
   -0.0130    0.0020
   -0.0130    0.0020
   -0.0130    0.0019
   -0.0131    0.0018
   -0.0131    0.0017
   -0.0131    0.0017
   -0.0131    0.0016
   -0.0131    0.0015
   -0.0131    0.0014
   -0.0131    0.0014
   -0.0131    0.0013
   -0.0131    0.0012
   -0.0131    0.0011
   -0.0132    0.0011
   -0.0132    0.0010
   -0.0132    0.0009
   -0.0132    0.0008
   -0.0132    0.0008
   -0.0132    0.0007
   -0.0132    0.0006
   -0.0132    0.0005
   -0.0132    0.0005
   -0.0132    0.0004
   -0.0132    0.0003
   -0.0132    0.0002
   -0.0132    0.0002
   -0.0132    0.0001
   -0.0132    0.0000
   -0.0132   -0.0001
   -0.0132   -0.0001
   -0.0132   -0.0002
   -0.0132   -0.0003
   -0.0132   -0.0004
   -0.0132   -0.0004
   -0.0132   -0.0005
   -0.0132   -0.0006
   -0.0132   -0.0007
   -0.0132   -0.0007
   -0.0132   -0.0008
   -0.0132   -0.0009
   -0.0132   -0.0010
   -0.0132   -0.0010
   -0.0132   -0.0011
   -0.0131   -0.0012
   -0.0131   -0.0013
   -0.0131   -0.0013
   -0.0131   -0.0014
   -0.0131   -0.0015
   -0.0131   -0.0016
   -0.0131   -0.0016
   -0.0131   -0.0017
   -0.0131   -0.0018
   -0.0130   -0.0018
   -0.0130   -0.0019
   -0.0130   -0.0020
   -0.0130   -0.0021
   -0.0130   -0.0021
   -0.0130   -0.0022
   -0.0130   -0.0023
   -0.0129   -0.0024
   -0.0129   -0.0024
   -0.0129   -0.0025
   -0.0129   -0.0026
   -0.0129   -0.0027
   -0.0129   -0.0027
   -0.0128   -0.0028
   -0.0128   -0.0029
   -0.0128   -0.0029
   -0.0128   -0.0030
   -0.0128   -0.0031
   -0.0127   -0.0032
   -0.0127   -0.0032
   -0.0127   -0.0033
   -0.0127   -0.0034
   -0.0126   -0.0035
   -0.0126   -0.0035
   -0.0126   -0.0036
   -0.0126   -0.0037
   -0.0125   -0.0037
   -0.0125   -0.0038
   -0.0125   -0.0039
   -0.0125   -0.0040
   -0.0124   -0.0040
   -0.0124   -0.0041
   -0.0124   -0.0042
   -0.0123   -0.0042
   -0.0123   -0.0043
   -0.0123   -0.0044
   -0.0123   -0.0044
   -0.0122   -0.0045
   -0.0122   -0.0046
   -0.0122   -0.0047
   -0.0121   -0.0047
   -0.0121   -0.0048
   -0.0121   -0.0049
   -0.0120   -0.0049
   -0.0120   -0.0050
   -0.0120   -0.0051
   -0.0119   -0.0051
   -0.0119   -0.0052
   -0.0118   -0.0053
   -0.0118   -0.0053
   -0.0118   -0.0054
   -0.0117   -0.0055
   -0.0117   -0.0055
   -0.0117   -0.0056
   -0.0116   -0.0057
   -0.0116   -0.0057
   -0.0115   -0.0058
   -0.0115   -0.0059
   -0.0115   -0.0059
   -0.0114   -0.0060
   -0.0114   -0.0061
   -0.0113   -0.0061
   -0.0113   -0.0062
   -0.0112   -0.0062
   -0.0112   -0.0063
   -0.0112   -0.0064
   -0.0111   -0.0064
   -0.0111   -0.0065
   -0.0110   -0.0066
   -0.0110   -0.0066
   -0.0109   -0.0067
   -0.0109   -0.0068
   -0.0108   -0.0068
   -0.0108   -0.0069
   -0.0107   -0.0069
   -0.0107   -0.0070
   -0.0106   -0.0071
   -0.0106   -0.0071
   -0.0105   -0.0072
   -0.0105   -0.0072
   -0.0104   -0.0073
   -0.0104   -0.0074
   -0.0103   -0.0074
   -0.0103   -0.0075
   -0.0102   -0.0075
   -0.0102   -0.0076
   -0.0101   -0.0076
   -0.0101   -0.0077
   -0.0100   -0.0078
   -0.0100   -0.0078
   -0.0099   -0.0079
   -0.0099   -0.0079
   -0.0098   -0.0080
   -0.0097   -0.0080
   -0.0097   -0.0081
   -0.0096   -0.0082
   -0.0096   -0.0082
   -0.0095   -0.0083
   -0.0095   -0.0083
   -0.0094   -0.0084
   -0.0093   -0.0084
   -0.0093   -0.0085
   -0.0092   -0.0085
   -0.0092   -0.0086
   -0.0091   -0.0086
   -0.0090   -0.0087
   -0.0090   -0.0087
   -0.0089   -0.0088
   -0.0089   -0.0088
   -0.0088   -0.0089
   -0.0087   -0.0089
   -0.0087   -0.0090
   -0.0086   -0.0090
   -0.0086   -0.0091
   -0.0085   -0.0091
   -0.0084   -0.0092
   -0.0084   -0.0092
   -0.0083   -0.0093
   -0.0082   -0.0093
   -0.0082   -0.0094
   -0.0081   -0.0094
   -0.0080   -0.0095
   -0.0080   -0.0095
   -0.0079   -0.0095
   -0.0078   -0.0096
   -0.0078   -0.0096
   -0.0077   -0.0097
   -0.0076   -0.0097
   -0.0076   -0.0098
   -0.0075   -0.0098
   -0.0074   -0.0099
   -0.0074   -0.0099
   -0.0073   -0.0099
   -0.0072   -0.0100
   -0.0072   -0.0100
   -0.0071   -0.0101
   -0.0070   -0.0101
   -0.0069   -0.0101
   -0.0069   -0.0102
   -0.0068   -0.0102
   -0.0067   -0.0103
   -0.0067   -0.0103
   -0.0066   -0.0103
   -0.0065   -0.0104
   -0.0064   -0.0104
   -0.0064   -0.0104
   -0.0063   -0.0105
   -0.0062   -0.0105
   -0.0061   -0.0105
   -0.0061   -0.0106
   -0.0060   -0.0106
   -0.0059   -0.0106
   -0.0059   -0.0107
   -0.0058   -0.0107
   -0.0057   -0.0107
   -0.0056   -0.0108
   -0.0056   -0.0108
   -0.0055   -0.0108
   -0.0054   -0.0109
   -0.0053   -0.0109
   -0.0053   -0.0109
   -0.0052   -0.0110
   -0.0051   -0.0110
   -0.0050   -0.0110
   -0.0049   -0.0110
   -0.0049   -0.0111
   -0.0048   -0.0111
   -0.0047   -0.0111
   -0.0046   -0.0112
   -0.0046   -0.0112
   -0.0045   -0.0112
   -0.0044   -0.0112
   -0.0043   -0.0113
   -0.0042   -0.0113
   -0.0042   -0.0113
   -0.0041   -0.0113
   -0.0040   -0.0114
   -0.0039   -0.0114
   -0.0038   -0.0114
   -0.0038   -0.0114
   -0.0037   -0.0114
   -0.0036   -0.0115
   -0.0035   -0.0115
   -0.0034   -0.0115
   -0.0034   -0.0115
   -0.0033   -0.0115
   -0.0032   -0.0116
   -0.0031   -0.0116
   -0.0030   -0.0116
   -0.0030   -0.0116
   -0.0029   -0.0116
   -0.0028   -0.0116
   -0.0027   -0.0117
   -0.0026   -0.0117
   -0.0026   -0.0117
   -0.0025   -0.0117
   -0.0024   -0.0117
   -0.0023   -0.0117
   -0.0022   -0.0117
   -0.0022   -0.0118
   -0.0021   -0.0118
   -0.0020   -0.0118
   -0.0019   -0.0118
   -0.0018   -0.0118
   -0.0017   -0.0118
   -0.0017   -0.0118
   -0.0016   -0.0118
   -0.0015   -0.0118
   -0.0014   -0.0118
   -0.0013   -0.0119
   -0.0012   -0.0119
   -0.0012   -0.0119
   -0.0011   -0.0119
   -0.0010   -0.0119
   -0.0009   -0.0119
   -0.0008   -0.0119
   -0.0007   -0.0119
   -0.0007   -0.0119
   -0.0006   -0.0119
   -0.0005   -0.0119
   -0.0004   -0.0119
   -0.0003   -0.0119
   -0.0002   -0.0119
   -0.0002   -0.0119
   -0.0001   -0.0119
         0   -0.0119
    0.0001   -0.0119
    0.0002   -0.0119
    0.0002   -0.0119
    0.0003   -0.0119
    0.0004   -0.0119
    0.0005   -0.0119
    0.0006   -0.0119
    0.0007   -0.0119
    0.0007   -0.0119
    0.0008   -0.0119
    0.0009   -0.0119
    0.0010   -0.0119
    0.0011   -0.0119
    0.0012   -0.0119
    0.0012   -0.0119
    0.0013   -0.0119
    0.0014   -0.0118
    0.0015   -0.0118
    0.0016   -0.0118
    0.0017   -0.0118
    0.0017   -0.0118
    0.0018   -0.0118
    0.0019   -0.0118
    0.0020   -0.0118
    0.0021   -0.0118
    0.0022   -0.0118
    0.0022   -0.0117
    0.0023   -0.0117
    0.0024   -0.0117
    0.0025   -0.0117
    0.0026   -0.0117
    0.0026   -0.0117
    0.0027   -0.0117
    0.0028   -0.0116
    0.0029   -0.0116
    0.0030   -0.0116
    0.0030   -0.0116
    0.0031   -0.0116
    0.0032   -0.0116
    0.0033   -0.0115
    0.0034   -0.0115
    0.0034   -0.0115
    0.0035   -0.0115
    0.0036   -0.0115
    0.0037   -0.0114
    0.0038   -0.0114
    0.0038   -0.0114
    0.0039   -0.0114
    0.0040   -0.0114
    0.0041   -0.0113
    0.0042   -0.0113
    0.0042   -0.0113
    0.0043   -0.0113
    0.0044   -0.0112
    0.0045   -0.0112
    0.0046   -0.0112
    0.0046   -0.0112
    0.0047   -0.0111
    0.0048   -0.0111
    0.0049   -0.0111
    0.0049   -0.0110
    0.0050   -0.0110
    0.0051   -0.0110
    0.0052   -0.0110
    0.0053   -0.0109
    0.0053   -0.0109
    0.0054   -0.0109
    0.0055   -0.0108
    0.0056   -0.0108
    0.0056   -0.0108
    0.0057   -0.0107
    0.0058   -0.0107
    0.0059   -0.0107
    0.0059   -0.0106
    0.0060   -0.0106
    0.0061   -0.0106
    0.0061   -0.0105
    0.0062   -0.0105
    0.0063   -0.0105
    0.0064   -0.0104
    0.0064   -0.0104
    0.0065   -0.0104
    0.0066   -0.0103
    0.0067   -0.0103
    0.0067   -0.0103
    0.0068   -0.0102
    0.0069   -0.0102
    0.0069   -0.0101
    0.0070   -0.0101
    0.0071   -0.0101
    0.0072   -0.0100
    0.0072   -0.0100
    0.0073   -0.0099
    0.0074   -0.0099
    0.0074   -0.0099
    0.0075   -0.0098
    0.0076   -0.0098
    0.0076   -0.0097
    0.0077   -0.0097
    0.0078   -0.0096
    0.0078   -0.0096
    0.0079   -0.0095
    0.0080   -0.0095
    0.0080   -0.0095
    0.0081   -0.0094
    0.0082   -0.0094
    0.0082   -0.0093
    0.0083   -0.0093
    0.0084   -0.0092
    0.0084   -0.0092
    0.0085   -0.0091
    0.0086   -0.0091
    0.0086   -0.0090
    0.0087   -0.0090
    0.0087   -0.0089
    0.0088   -0.0089
    0.0089   -0.0088
    0.0089   -0.0088
    0.0090   -0.0087
    0.0090   -0.0087
    0.0091   -0.0086
    0.0092   -0.0086
    0.0092   -0.0085
    0.0093   -0.0085
    0.0093   -0.0084
    0.0094   -0.0084
    0.0095   -0.0083
    0.0095   -0.0083
    0.0096   -0.0082
    0.0096   -0.0082
    0.0097   -0.0081
    0.0097   -0.0080
    0.0098   -0.0080
    0.0099   -0.0079
    0.0099   -0.0079
    0.0100   -0.0078
    0.0100   -0.0078
    0.0101   -0.0077
    0.0101   -0.0076
    0.0102   -0.0076
    0.0102   -0.0075
    0.0103   -0.0075
    0.0103   -0.0074
    0.0104   -0.0074
    0.0104   -0.0073
    0.0105   -0.0072
    0.0105   -0.0072
    0.0106   -0.0071
    0.0106   -0.0071
    0.0107   -0.0070
    0.0107   -0.0069
    0.0108   -0.0069
    0.0108   -0.0068
    0.0109   -0.0068
    0.0109   -0.0067
    0.0110   -0.0066
    0.0110   -0.0066
    0.0111   -0.0065
    0.0111   -0.0064
    0.0112   -0.0064
    0.0112   -0.0063
    0.0112   -0.0062
    0.0113   -0.0062
    0.0113   -0.0061
    0.0114   -0.0061
    0.0114   -0.0060
    0.0115   -0.0059
    0.0115   -0.0059
    0.0115   -0.0058
    0.0116   -0.0057
    0.0116   -0.0057
    0.0117   -0.0056
    0.0117   -0.0055
    0.0117   -0.0055
    0.0118   -0.0054
    0.0118   -0.0053
    0.0118   -0.0053
    0.0119   -0.0052
    0.0119   -0.0051
    0.0120   -0.0051
    0.0120   -0.0050
    0.0120   -0.0049
    0.0121   -0.0049
    0.0121   -0.0048
    0.0121   -0.0047
    0.0122   -0.0047
    0.0122   -0.0046
    0.0122   -0.0045
    0.0123   -0.0044
    0.0123   -0.0044
    0.0123   -0.0043
    0.0123   -0.0042
    0.0124   -0.0042
    0.0124   -0.0041
    0.0124   -0.0040
    0.0125   -0.0040
    0.0125   -0.0039
    0.0125   -0.0038
    0.0125   -0.0037
    0.0126   -0.0037
    0.0126   -0.0036
    0.0126   -0.0035
    0.0126   -0.0035
    0.0127   -0.0034
    0.0127   -0.0033
    0.0127   -0.0032
    0.0127   -0.0032
    0.0128   -0.0031
    0.0128   -0.0030
    0.0128   -0.0029
    0.0128   -0.0029
    0.0128   -0.0028
    0.0129   -0.0027
    0.0129   -0.0027
    0.0129   -0.0026
    0.0129   -0.0025
    0.0129   -0.0024
    0.0129   -0.0024
    0.0130   -0.0023
    0.0130   -0.0022
    0.0130   -0.0021
    0.0130   -0.0021
    0.0130   -0.0020
    0.0130   -0.0019
    0.0130   -0.0018
    0.0131   -0.0018
    0.0131   -0.0017
    0.0131   -0.0016
    0.0131   -0.0016
    0.0131   -0.0015
    0.0131   -0.0014
    0.0131   -0.0013
    0.0131   -0.0013
    0.0131   -0.0012
    0.0132   -0.0011
    0.0132   -0.0010
    0.0132   -0.0010
    0.0132   -0.0009
    0.0132   -0.0008
    0.0132   -0.0007
    0.0132   -0.0007
    0.0132   -0.0006
    0.0132   -0.0005
    0.0132   -0.0004
    0.0132   -0.0004
    0.0132   -0.0003
    0.0132   -0.0002
    0.0132   -0.0001
    0.0132   -0.0001
    0.0132    0.0000
    0.0132    0.0001
    0.0132    0.0002
    0.0132    0.0002
    0.0132    0.0003
    0.0132    0.0004
    0.0132    0.0005
    0.0132    0.0005
    0.0132    0.0006
    0.0132    0.0007
    0.0132    0.0008
    0.0132    0.0008
    0.0132    0.0009
    0.0132    0.0010
    0.0132    0.0011
    0.0131    0.0011
    0.0131    0.0012
    0.0131    0.0013
    0.0131    0.0014
    0.0131    0.0014
    0.0131    0.0015
    0.0131    0.0016
    0.0131    0.0017
    0.0131    0.0017
    0.0131    0.0018
    0.0130    0.0019
    0.0130    0.0020
    0.0130    0.0020
    0.0130    0.0021
    0.0130    0.0022
    0.0130    0.0023
    0.0130    0.0023
    0.0129    0.0024
    0.0129    0.0025
    0.0129    0.0025
    0.0129    0.0026
    0.0129    0.0027
    0.0128    0.0028
    0.0128    0.0028
    0.0128    0.0029
    0.0128    0.0030
    0.0128    0.0031
    0.0127    0.0031
    0.0127    0.0032
    0.0127    0.0033
    0.0127    0.0033
    0.0127    0.0034
    0.0126    0.0035
    0.0126    0.0036
    0.0126    0.0036
    0.0126    0.0037
    0.0125    0.0038
    0.0125    0.0038
    0.0125    0.0039
    0.0124    0.0040
    0.0124    0.0041
    0.0124    0.0041
    0.0124    0.0042
    0.0123    0.0043
    0.0123    0.0043
    0.0123    0.0044
    0.0122    0.0045
    0.0122    0.0045
    0.0122    0.0046
    0.0121    0.0047
    0.0121    0.0048
    0.0121    0.0048
    0.0120    0.0049
    0.0120    0.0050
    0.0120    0.0050
    0.0119    0.0051
    0.0119    0.0052
    0.0119    0.0052
    0.0118    0.0053
    0.0118    0.0054
    0.0118    0.0054
    0.0117    0.0055
    0.0117    0.0056
    0.0116    0.0056
    0.0116    0.0057
    0.0116    0.0058
    0.0115    0.0058
    0.0115    0.0059
    0.0114    0.0060
    0.0114    0.0060
    0.0114    0.0061
    0.0113    0.0062
    0.0113    0.0062
    0.0112    0.0063
    0.0112    0.0063
    0.0111    0.0064
    0.0111    0.0065
    0.0110    0.0065
    0.0110    0.0066
    0.0110    0.0067
    0.0109    0.0067
    0.0109    0.0068
    0.0108    0.0068
    0.0108    0.0069
    0.0107    0.0070
    0.0107    0.0070
    0.0106    0.0071
    0.0106    0.0071
    0.0105    0.0072
    0.0105    0.0073
    0.0104    0.0073
    0.0104    0.0074
    0.0103    0.0074
    0.0103    0.0075
    0.0102    0.0076
    0.0102    0.0076
    0.0101    0.0077
    0.0101    0.0077
    0.0100    0.0078
    0.0099    0.0078
    0.0099    0.0079
    0.0098    0.0080
    0.0098    0.0080
    0.0097    0.0081
    0.0097    0.0081
    0.0096    0.0082
    0.0095    0.0082
    0.0095    0.0083
    0.0094    0.0083
    0.0094    0.0084
    0.0093    0.0084
    0.0093    0.0085
    0.0092    0.0086
    0.0091    0.0086
    0.0091    0.0087
    0.0090    0.0087
    0.0090    0.0088
    0.0089    0.0088
    0.0088    0.0089
    0.0088    0.0089
    0.0087    0.0090
    0.0086    0.0090
    0.0086    0.0091
    0.0085    0.0091
    0.0085    0.0092
    0.0084    0.0092
    0.0083    0.0092
    0.0083    0.0093
    0.0082    0.0093
    0.0081    0.0094
    0.0081    0.0094
    0.0080    0.0095
    0.0079    0.0095
    0.0079    0.0096
    0.0078    0.0096
    0.0077    0.0097
    0.0077    0.0097
    0.0076    0.0097
    0.0075    0.0098
    0.0075    0.0098
    0.0074    0.0099
    0.0073    0.0099
    0.0073    0.0100
    0.0072    0.0100
    0.0071    0.0100
    0.0070    0.0101
    0.0070    0.0101
    0.0069    0.0102
    0.0068    0.0102
    0.0068    0.0102
    0.0067    0.0103
    0.0066    0.0103
    0.0065    0.0103
    0.0065    0.0104
    0.0064    0.0104
    0.0063    0.0105
    0.0063    0.0105
    0.0062    0.0105
    0.0061    0.0106
    0.0060    0.0106
    0.0060    0.0106
    0.0059    0.0107
    0.0058    0.0107
    0.0057    0.0107
    0.0057    0.0108
    0.0056    0.0108
    0.0055    0.0108
    0.0054    0.0109
    0.0054    0.0109
    0.0053    0.0109
    0.0052    0.0109
    0.0051    0.0110
    0.0051    0.0110
    0.0050    0.0110
    0.0049    0.0111
    0.0048    0.0111
    0.0048    0.0111
    0.0047    0.0111
    0.0046    0.0112
    0.0045    0.0112
    0.0044    0.0112
    0.0044    0.0112
    0.0043    0.0113
    0.0042    0.0113
    0.0041    0.0113
    0.0040    0.0113
    0.0040    0.0114
    0.0039    0.0114
    0.0038    0.0114
    0.0037    0.0114
    0.0036    0.0115
    0.0036    0.0115
    0.0035    0.0115
    0.0034    0.0115
    0.0033    0.0115
    0.0032    0.0116
    0.0032    0.0116
    0.0031    0.0116
    0.0030    0.0116
    0.0029    0.0116
    0.0028    0.0116
    0.0028    0.0117
    0.0027    0.0117
    0.0026    0.0117
    0.0025    0.0117
    0.0024    0.0117
    0.0024    0.0117
    0.0023    0.0117
    0.0022    0.0118
    0.0021    0.0118
    0.0020    0.0118
    0.0019    0.0118
    0.0019    0.0118
    0.0018    0.0118
    0.0017    0.0118
    0.0016    0.0118
    0.0015    0.0118
    0.0015    0.0118
    0.0014    0.0119
    0.0013    0.0119
    0.0012    0.0119
    0.0011    0.0119
    0.0010    0.0119
    0.0010    0.0119
    0.0009    0.0119
    0.0008    0.0119
    0.0007    0.0119
    0.0006    0.0119
    0.0005    0.0119
    0.0005    0.0119
    0.0004    0.0119
    0.0003    0.0119
    0.0002    0.0119
    0.0001    0.0119
    0.0000    0.0119

plot2svg.m not available; see http://www.zhinst.com/blogs/schwizer/
untitled.gif  has 0.49 Megapixels
>> 