>> untitled
pathXY
    2.1000         0
    2.1000    0.0119
    2.0998    0.0238
    2.0996    0.0357
    2.0993    0.0477
    2.0990    0.0596
    2.0985    0.0715
    2.0980    0.0834
    2.0973    0.0953
    2.0966    0.1072
    2.0958    0.1191
    2.0950    0.1310
    2.0940    0.1429
    2.0930    0.1547
    2.0919    0.1666
    2.0907    0.1785
    2.0894    0.1903
    2.0880    0.2022
    2.0866    0.2140
    2.0850    0.2259
    2.0834    0.2377
    2.0817    0.2495
    2.0799    0.2613
    2.0781    0.2731
    2.0761    0.2849
    2.0741    0.2967
    2.0720    0.3084
    2.0698    0.3202
    2.0675    0.3319


diff(pathXY,1,1)
   -0.0000    0.0119
   -0.0001    0.0119
   -0.0002    0.0119
   -0.0003    0.0119
   -0.0004    0.0119
   -0.0005    0.0119
   -0.0005    0.0119
   -0.0006    0.0119
   -0.0007    0.0119
   -0.0008    0.0119
   -0.0009    0.0119
   -0.0010    0.0119
   -0.0010    0.0119
   -0.0011    0.0119
   -0.0012    0.0119
   -0.0013    0.0119
   -0.0014    0.0119
   -0.0015    0.0118
   -0.0015    0.0118
   -0.0016    0.0118
   -0.0017    0.0118
   -0.0018    0.0118
   -0.0019    0.0118
   -0.0019    0.0118
   -0.0020    0.0118
   -0.0021    0.0118
   -0.0022    0.0118
   -0.0023    0.0117
   -0.0024    0.0117
   -0.0024    0.0117
   -0.0025    0.0117