        4000

    2.1700         0
    2.1695    0.0406
    2.1681    0.0812
    2.1658    0.1218
    2.1626    0.1622
    2.1584    0.2026
    2.1533    0.2429
    2.1474    0.2831
    2.1404    0.3231
    2.1326    0.3630
    2.1239    0.4027
    2.1143    0.4421
    2.1038    0.4814
    2.0925    0.5204
    2.0803    0.5591
    2.0672    0.5975
    2.0533    0.6357
    2.0385    0.6735
    2.0229    0.7110
    2.0065    0.7482
    1.9893    0.7850
    1.9712    0.8214
    1.9524    0.8574
    1.9329    0.8930
    1.9126    0.9281
    1.8915    0.9629
    1.8697    0.9971
    1.8472    1.0310
    1.8240    1.0643
    1.8001    1.0971
    1.7755    1.1295
    1.7503    1.1613
    1.7244    1.1926
    1.6979    1.2234
    1.6708    1.2536
    1.6431    1.2833
    1.6148    1.3124
    1.5859    1.3410
    1.5564    1.3690
    1.5265    1.3964
    1.4960    1.4232
    1.4649    1.4494
    1.4334    1.4750
    1.4014    1.5000
    1.3689    1.5244
    1.3360    1.5481
    1.3026    1.5713
    1.2688    1.5938
    1.2346    1.6157
    1.1999    1.6369
    1.1649    1.6575
    1.1296    1.6775
    1.0938    1.6968
    1.0577    1.7154
    1.0213    1.7334
    0.9846    1.7507
    0.9476    1.7674
    0.9102    1.7834
    0.8726    1.7988
    0.8348    1.8134
    0.7966    1.8274
    0.7583    1.8408
    0.7197    1.8534
    0.6809    1.8654
    0.6419    1.8767
    0.6027    1.8873
    0.5633    1.8973
    0.5237    1.9065
    0.4840    1.9151
    0.4442    1.9230
    0.4042    1.9302
    0.3641    1.9368
    0.3239    1.9426
    0.2836    1.9478
    0.2433    1.9522
    0.2028    1.9560
    0.1623    1.9591
    0.1218    1.9615
    0.0812    1.9632
    0.0406    1.9643
   -0.0000    1.9646
   -0.0406    1.9643
   -0.0812    1.9632
   -0.1218    1.9615
   -0.1623    1.9591
   -0.2028    1.9560
   -0.2433    1.9522
   -0.2836    1.9478
   -0.3239    1.9426
   -0.3641    1.9368
   -0.4042    1.9302
   -0.4442    1.9230
   -0.4840    1.9151
   -0.5237    1.9065
   -0.5633    1.8973
   -0.6027    1.8873
   -0.6419    1.8767
   -0.6809    1.8654
   -0.7197    1.8534
   -0.7583    1.8408
   -0.7966    1.8274
   -0.8348    1.8134
   -0.8726    1.7988
   -0.9102    1.7834
   -0.9476    1.7674
   -0.9846    1.7507
   -1.0213    1.7334
   -1.0577    1.7154
   -1.0938    1.6968
   -1.1296    1.6775
   -1.1649    1.6575
   -1.2000    1.6369
   -1.2346    1.6157
   -1.2688    1.5938
   -1.3026    1.5713
   -1.3360    1.5481
   -1.3689    1.5244
   -1.4014    1.5000
   -1.4334    1.4750
   -1.4649    1.4494
   -1.4959    1.4232
   -1.5265    1.3964
   -1.5564    1.3690
   -1.5859    1.3410
   -1.6148    1.3124
   -1.6431    1.2833
   -1.6708    1.2536
   -1.6979    1.2234
   -1.7244    1.1926
   -1.7503    1.1613
   -1.7755    1.1295
   -1.8001    1.0971
   -1.8240    1.0643
   -1.8472    1.0310
   -1.8697    0.9971
   -1.8915    0.9629
   -1.9126    0.9281
   -1.9329    0.8930
   -1.9524    0.8574
   -1.9712    0.8214
   -1.9893    0.7850
   -2.0065    0.7482
   -2.0229    0.7110
   -2.0385    0.6735
   -2.0533    0.6357
   -2.0672    0.5975
   -2.0803    0.5591
   -2.0925    0.5204
   -2.1038    0.4814
   -2.1143    0.4421
   -2.1239    0.4027
   -2.1326    0.3630
   -2.1404    0.3231
   -2.1473    0.2831
   -2.1533    0.2429
   -2.1584    0.2026
   -2.1626    0.1622
   -2.1658    0.1218
   -2.1681    0.0812
   -2.1695    0.0406
   -2.1700    0.0000
   -2.1695   -0.0406
   -2.1681   -0.0812
   -2.1658   -0.1218
   -2.1626   -0.1622
   -2.1584   -0.2026
   -2.1533   -0.2429
   -2.1473   -0.2831
   -2.1404   -0.3231
   -2.1326   -0.3630
   -2.1239   -0.4027
   -2.1143   -0.4421
   -2.1038   -0.4814
   -2.0925   -0.5204
   -2.0803   -0.5591
   -2.0672   -0.5975
   -2.0533   -0.6357
   -2.0385   -0.6735
   -2.0229   -0.7110
   -2.0065   -0.7482
   -1.9893   -0.7850
   -1.9712   -0.8214
   -1.9524   -0.8574
   -1.9329   -0.8930
   -1.9126   -0.9281
   -1.8915   -0.9629
   -1.8697   -0.9971
   -1.8472   -1.0310
   -1.8240   -1.0643
   -1.8001   -1.0971
   -1.7755   -1.1295
   -1.7503   -1.1613
   -1.7244   -1.1926
   -1.6979   -1.2234
   -1.6708   -1.2536
   -1.6431   -1.2833
   -1.6148   -1.3124
   -1.5859   -1.3410
   -1.5564   -1.3690
   -1.5265   -1.3964
   -1.4959   -1.4232
   -1.4649   -1.4494
   -1.4334   -1.4750
   -1.4014   -1.5000
   -1.3689   -1.5244
   -1.3360   -1.5481
   -1.3026   -1.5713
   -1.2688   -1.5938
   -1.2346   -1.6157
   -1.2000   -1.6369
   -1.1649   -1.6575
   -1.1296   -1.6775
   -1.0938   -1.6968
   -1.0577   -1.7154
   -1.0213   -1.7334
   -0.9846   -1.7507
   -0.9476   -1.7674
   -0.9102   -1.7834
   -0.8726   -1.7988
   -0.8348   -1.8134
   -0.7966   -1.8274
   -0.7583   -1.8408
   -0.7197   -1.8534
   -0.6809   -1.8654
   -0.6419   -1.8767
   -0.6027   -1.8873
   -0.5633   -1.8973
   -0.5237   -1.9065
   -0.4840   -1.9151
   -0.4442   -1.9230
   -0.4042   -1.9302
   -0.3641   -1.9368
   -0.3239   -1.9426
   -0.2836   -1.9478
   -0.2433   -1.9522
   -0.2028   -1.9560
   -0.1623   -1.9591
   -0.1218   -1.9615
   -0.0812   -1.9632
   -0.0406   -1.9643
   -0.0000   -1.9646
    0.0406   -1.9643
    0.0812   -1.9632
    0.1218   -1.9615
    0.1623   -1.9591
    0.2028   -1.9560
    0.2433   -1.9522
    0.2836   -1.9478
    0.3239   -1.9426
    0.3641   -1.9368
    0.4042   -1.9302
    0.4442   -1.9230
    0.4840   -1.9151
    0.5237   -1.9065
    0.5633   -1.8973
    0.6027   -1.8873
    0.6419   -1.8767
    0.6809   -1.8654
    0.7197   -1.8534
    0.7583   -1.8408
    0.7966   -1.8274
    0.8348   -1.8134
    0.8726   -1.7988
    0.9102   -1.7834
    0.9476   -1.7674
    0.9846   -1.7507
    1.0213   -1.7334
    1.0577   -1.7154
    1.0938   -1.6968
    1.1296   -1.6775
    1.1649   -1.6575
    1.1999   -1.6369
    1.2346   -1.6157
    1.2688   -1.5938
    1.3026   -1.5713
    1.3360   -1.5481
    1.3689   -1.5244
    1.4014   -1.5000
    1.4334   -1.4750
    1.4649   -1.4494
    1.4960   -1.4232
    1.5265   -1.3964
    1.5564   -1.3690
    1.5859   -1.3410
    1.6148   -1.3124
    1.6431   -1.2833
    1.6708   -1.2536
    1.6979   -1.2234
    1.7244   -1.1926
    1.7503   -1.1613
    1.7755   -1.1295
    1.8001   -1.0971
    1.8240   -1.0643
    1.8472   -1.0310
    1.8697   -0.9971
    1.8915   -0.9629
    1.9126   -0.9281
    1.9329   -0.8930
    1.9524   -0.8574
    1.9712   -0.8214
    1.9893   -0.7850
    2.0065   -0.7482
    2.0229   -0.7110
    2.0385   -0.6735
    2.0533   -0.6357
    2.0672   -0.5975
    2.0803   -0.5591
    2.0925   -0.5204
    2.1038   -0.4814
    2.1143   -0.4421
    2.1239   -0.4027
    2.1326   -0.3630
    2.1404   -0.3231
    2.1474   -0.2831
    2.1533   -0.2429
    2.1584   -0.2026
    2.1626   -0.1622
    2.1658   -0.1218
    2.1681   -0.0812
    2.1695   -0.0406

plot2svg.m not available; see http://www.zhinst.com/blogs/schwizer/
untitled.gif  has 0.49 Megapixels
>> 